19.5312	19.5312	
512	512	
251	251	
334	334	
334	334	
7	7	
298	351	
334	334	
334	334	
13	13	
0	0	
0	0	
0.740805	0	
17.4261	0	
72.8516	0	
147.92	0	
202.167	0	
225.606	0	
234.459	0	
218.225	0	
202.159	0	
189.005	0	
163.227	0	
149.961	0	
125.856	0	
108.611	0.269536	
91.4094	0	
81.3862	0.119046	
61.3922	0	
57.3855	0.244284	
49.3113	0.161351	
37.0947	0.204281	
32.4506	0.0594846	
28.2236	0.219415	
23.7406	0.167717	
18.6276	0.0810065	
15.2815	0.250078	
14.2629	0.148806	
10.7018	0.102485	
9.17581	0.116249	
8.66058	0.216095	
7.09218	0.0405192	
5.91536	0.125936	
4.61681	0.212539	
4.03174	0.106207	
3.41651	0.0626931	
2.86749	0.0546656	
2.60701	0.118216	
1.86878	0.0970321	
1.56623	0.0575373	
1.39051	0.10409	
1.20473	0.0691206	
1.04966	0.042723	
0.822895	0.0556911	
0.713705	0.0505421	
0.585093	0.0373113	
0.532434	0.0286692	
0.411196	0.0424604	
0.333937	0.0306069	
0.309392	0.0333054	
0.259987	0.0267079	
0.195336	0.0135696	
0.202996	0.0126554	
0.182369	0.0130096	
0.140538	0.0204345	
0.106889	0.0152543	
0.100913	0.00793599	
0.0810842	0.0112885	
0.0667499	0.0107615	
0.0642738	0.00798417	
0.0517673	0.00520453	
0.0499779	0.00788869	
0.031528	0.00521955	
0.0352902	0.00545712	
0.0252393	0.00354061	
0.0216702	0.00275337	
0.0207841	0.00300265	
0.017989	0.00227085	
0.0155195	0.0017078	
0.0122455	0.00131978	
0.00908794	0.00153207	
0.0090722	0.00205459	
0.00597501	0.00156376	
0.00583317	0.00135837	
0.00501474	0.000742195	
0.00407657	0.000726512	
0.0039634	0.000807516	
0.00331559	0.000939208	
0.00299957	0.000545545	
0.00245612	0.0006824	
0.00235252	0.000581361	
0.00220641	0.000401938	
0.00160309	0.000147234	
0.00142451	0.000281684	
0.00128262	0.000227105	
0.00108725	0.000235416	
0.00079857	0.000158084	
0.00057156	0.000203893	
0.000579596	0.000140237	
0.000557825	7.91177e-05	
0.000372073	9.65252e-05	
0.000425232	0.000119283	
0.000356897	0.000107623	
0.000256399	9.01288e-05	
0.000278254	4.39084e-05	
0.000183945	7.26279e-05	
0.000226696	5.3827e-05	
0.000120257	4.00676e-05	
0.000153556	4.09763e-05	
0.000116387	5.05569e-05	
8.94103e-05	3.37968e-05	
6.62637e-05	2.14348e-05	
7.67433e-05	1.51966e-05	
7.6764e-05	1.06494e-05	
6.21719e-05	1.99229e-05	
4.56637e-05	1.44531e-05	
4.42462e-05	8.44339e-06	
3.02878e-05	1.22085e-05	
3.27363e-05	7.67979e-06	
2.39631e-05	4.78705e-06	
1.88011e-05	4.59225e-06	
1.97766e-05	2.68736e-06	
1.64664e-05	4.06748e-06	
1.36308e-05	2.28381e-06	
1.2188e-05	2.8211e-06	
1.17737e-05	3.32978e-06	
8.07793e-06	3.69546e-06	
1.07723e-05	2.32642e-06	
7.85973e-06	3.33823e-06	
4.52507e-06	2.7866e-06	
5.474e-06	6.43125e-07	
4.42601e-06	2.37864e-06	
2.96558e-06	1.03438e-06	
2.92792e-06	1.34832e-06	
1.83966e-06	7.33131e-07	
2.17419e-06	4.95781e-07	
1.66878e-06	6.73493e-07	
2.06812e-06	4.17802e-07	
1.56473e-06	5.68974e-07	
9.42719e-07	4.99724e-07	
1.15812e-06	5.65308e-07	
6.31661e-07	1.9131e-07	
1.2958e-06	3.04178e-07	
6.27913e-07	1.96806e-07	
4.90082e-07	2.55908e-07	
5.45635e-07	1.86212e-07	
3.15092e-07	2.01111e-07	
4.62677e-07	1.92111e-07	
3.80445e-07	2.10949e-07	
3.1576e-07	1.79489e-07	
1.66176e-07	1.19648e-07	
1.81938e-07	1.18817e-07	
2.41887e-07	7.06942e-08	
2.00567e-07	1.03022e-07	
1.60229e-07	7.47909e-08	
1.49862e-07	5.70201e-08	
1.29412e-07	3.06265e-08	
1.27648e-07	2.78615e-08	
5.34277e-08	5.91416e-08	
7.56688e-08	2.2418e-08	
7.0877e-08	3.47764e-08	
5.09553e-08	1.3579e-08	
4.07621e-08	2.921e-08	
4.11379e-08	1.80029e-08	
3.48231e-08	2.45206e-08	
4.72994e-08	1.08811e-08	
2.18859e-08	2.41722e-08	
2.47731e-08	1.13184e-08	
1.58155e-08	1.40767e-08	
1.90448e-08	6.21304e-09	
1.28663e-08	1.0399e-08	
9.50638e-09	8.09328e-09	
6.40263e-09	2.88533e-09	
5.36514e-09	2.78487e-09	
8.21594e-09	2.64899e-09	
9.32627e-09	2.32149e-09	
5.21273e-09	1.10071e-09	
4.67959e-09	1.32557e-09	
3.76122e-09	2.37841e-09	
3.56898e-09	2.52506e-09	
2.33311e-09	5.83411e-10	
2.58494e-09	1.84263e-09	
2.35883e-09	1.33816e-09	
2.80781e-09	5.22278e-10	
1.79069e-09	8.08258e-10	
5.21087e-10	4.63405e-10	
1.60248e-09	8.61845e-10	
1.18371e-09	3.90347e-10	
1.00415e-09	3.80041e-10	
8.65477e-10	2.27793e-10	
7.79194e-10	3.29144e-10	
5.41691e-10	2.68454e-10	
5.2092e-10	2.14292e-10	
3.30795e-10	1.44576e-10	
3.82338e-10	1.99772e-10	
4.07276e-10	2.25765e-10	
2.49906e-10	2.85588e-10	
3.48244e-10	2.91253e-10	
3.15802e-10	2.01674e-10	
2.53024e-10	5.00929e-11	
1.62712e-10	6.18585e-11	
1.69488e-10	6.85232e-11	
8.84284e-11	7.90758e-11	
1.50423e-10	5.02035e-11	
1.07238e-10	3.46299e-11	
6.66127e-11	3.10171e-11	
1.14012e-10	5.93271e-11	
7.96988e-11	3.55789e-11	
7.89969e-11	2.77284e-11	
3.60674e-11	1.93032e-11	
3.02324e-11	1.74136e-11	
3.38612e-11	2.42784e-11	
3.25352e-11	1.91585e-11	
4.99749e-11	2.06888e-11	
3.60618e-11	2.6326e-11	
2.86406e-11	1.54123e-12	
1.75591e-11	7.68314e-12	
6.97267e-12	1.71944e-11	
6.16213e-12	5.51651e-12	
1.53816e-11	6.99007e-12	
4.53814e-12	8.67473e-12	
1.32352e-11	8.09684e-12	
1.04992e-11	1.2652e-12	
4.13626e-12	7.44348e-12	
6.33365e-12	3.6601e-12	
3.78255e-12	2.67232e-12	
5.06384e-12	3.58346e-12	
2.18479e-12	1.45549e-12	
4.30144e-12	1.50026e-12	
5.05381e-12	1.40423e-12	
3.49096e-12	7.1046e-13	
2.06878e-12	5.90006e-13	
1.98403e-12	1.66306e-12	
1.41343e-12	3.44868e-13	
1.41931e-12	3.62152e-13	
1.16669e-12	3.53841e-13	
1.33676e-12	4.17762e-13	
4.26573e-13	4.83505e-13	
4.76692e-13	3.32801e-13	
4.62053e-13	5.90066e-14	
0	5.3845e-13	
1.00004e-12	2.56527e-13	
7.21714e-13	1.56994e-13	
3.92693e-13	4.77012e-13	
2.45008e-13	3.44169e-13	
4.28499e-13	2.86631e-13	
3.41461e-13	2.9533e-13	
1.82677e-13	8.04979e-14	
3.93993e-13	6.44672e-14	
1.85358e-13	2.58575e-14	
2.18882e-13	1.99862e-13	
1.80198e-13	6.8292e-14	
9.21013e-14	6.64497e-14	
8.9e-14	5.65326e-14	
1.15706e-13	1.00309e-14	
1.30772e-13	9.25473e-14	
1.09742e-13	2.88612e-14	
4.08808e-14	3.86227e-14	
2.05518e-14	4.97356e-14	
4.36992e-14	2.7637e-14	
1.93957e-14	3.89129e-15	
3.17555e-14	8.91237e-15	
2.47981e-14	1.37102e-14	
4.94384e-14	2.7959e-14	
2.07527e-14	9.23848e-15	
1.03667e-14	5.31761e-15	
0	0	
0	0	
0.000297117	0	
0.00955102	0	
0.0547997	0	
0.141611	0	
0.23486	0	
0.314254	0	
0.383348	0	
0.41299	0	
0.437745	0	
0.461317	0	
0.447877	0	
0.457116	0	
0.427128	0	
0.40405	0.00104349	
0.375901	0	
0.36566	0.000469181	
0.300436	0	
0.302526	0.00131704	
0.282508	0.000816259	
0.23036	0.0011617	
0.215871	0.000380051	
0.202617	0.00141865	
0.182837	0.00134813	
0.152168	0.000614249	
0.135179	0.00237722	
0.135498	0.00140467	
0.108156	0.00103492	
0.0983581	0.00122717	
0.100107	0.00249539	
0.0869038	0.000422244	
0.077361	0.00159406	
0.0638053	0.00293959	
0.0600301	0.00157446	
0.0537094	0.00095088	
0.0477842	0.000890403	
0.0456243	0.00210504	
0.0349009	0.00181342	
0.0309689	0.00108042	
0.0293788	0.002107	
0.0273441	0.00145882	
0.0245989	0.000959533	
0.0205613	0.00135241	
0.0187929	0.00133553	
0.0163183	0.000928185	
0.0155112	0.000777745	
0.0128519	0.00125763	
0.010854	0.000983618	
0.0103796	0.0010831	
0.00948242	0.000941072	
0.00755774	0.000541799	
0.00810864	0.000490088	
0.0079061	0.000581148	
0.00646764	0.000880657	
0.00510112	0.000712789	
0.00503912	0.000326842	
0.0043286	0.000574978	
0.00375563	0.000592526	
0.00383271	0.000443067	
0.00326476	0.000333321	
0.00321228	0.000488786	
0.00221496	0.000346314	
0.00253379	0.000397608	
0.00193286	0.00026322	
0.00174294	0.000225493	
0.00176856	0.000253409	
0.00154469	0.000218664	
0.00145331	0.000166565	
0.00123799	0.000117774	
0.000938805	0.000162455	
0.000957422	0.00021029	
0.000684502	0.000182379	
0.000707778	0.000161719	
0.000624923	8.75342e-05	
0.000509904	9.51052e-05	
0.000543568	0.000113517	
0.000477796	0.000129809	
0.000445168	8.47757e-05	
0.000400074	0.000110426	
0.000384816	0.000102766	
0.000378533	6.77829e-05	
0.000302887	2.46407e-05	
0.000285411	5.35832e-05	
0.000250004	4.54694e-05	
0.000238972	4.87158e-05	
0.000185344	3.62117e-05	
0.000135195	4.98981e-05	
0.000154705	3.54472e-05	
0.000152904	2.10261e-05	
0.000106024	2.38467e-05	
0.000125199	3.40832e-05	
0.000108554	3.27612e-05	
8.61248e-05	3.05059e-05	
9.37905e-05	1.40577e-05	
6.81335e-05	2.59822e-05	
8.23732e-05	1.86721e-05	
5.11222e-05	1.59728e-05	
6.21435e-05	1.69585e-05	
5.19262e-05	2.28678e-05	
4.05734e-05	1.52991e-05	
3.27738e-05	9.76223e-06	
3.84811e-05	6.47084e-06	
3.90102e-05	5.96717e-06	
3.44923e-05	1.03484e-05	
2.67269e-05	8.97526e-06	
2.62904e-05	5.8546e-06	
2.10694e-05	8.12772e-06	
2.15256e-05	4.98746e-06	
1.80082e-05	3.21528e-06	
1.48412e-05	3.39241e-06	
1.51841e-05	1.94535e-06	
1.36825e-05	3.24197e-06	
1.33173e-05	2.00188e-06	
1.09754e-05	2.45994e-06	
1.15427e-05	3.38276e-06	
8.11113e-06	3.95144e-06	
1.13139e-05	2.43823e-06	
7.945e-06	3.52383e-06	
5.51159e-06	3.22345e-06	
6.77723e-06	7.34067e-07	
5.81252e-06	3.11585e-06	
4.32921e-06	1.43022e-06	
4.07698e-06	1.77005e-06	
2.71713e-06	1.08837e-06	
3.72882e-06	7.55733e-07	
2.64255e-06	1.04084e-06	
3.38796e-06	8.36152e-07	
2.64859e-06	9.68909e-07	
1.8129e-06	9.91859e-07	
2.3168e-06	1.08615e-06	
1.37769e-06	3.83283e-07	
2.60343e-06	6.35812e-07	
1.47906e-06	4.49206e-07	
1.1918e-06	7.13333e-07	
1.32794e-06	4.49014e-07	
8.62914e-07	5.64486e-07	
1.21935e-06	5.63939e-07	
1.1725e-06	5.99657e-07	
9.55574e-07	5.98879e-07	
5.92016e-07	4.08042e-07	
6.11076e-07	3.70479e-07	
9.62994e-07	2.17734e-07	
7.76036e-07	3.68716e-07	
6.38795e-07	2.89931e-07	
6.54953e-07	2.46376e-07	
5.41111e-07	1.33719e-07	
5.99738e-07	1.2616e-07	
2.69046e-07	2.67762e-07	
3.68597e-07	1.07452e-07	
3.7231e-07	1.7771e-07	
2.83498e-07	8.83738e-08	
2.47627e-07	1.91864e-07	
2.67791e-07	1.14016e-07	
2.55039e-07	1.64623e-07	
3.10258e-07	7.584e-08	
1.58502e-07	1.58904e-07	
1.83459e-07	8.22031e-08	
1.34398e-07	1.09107e-07	
1.78464e-07	5.47525e-08	
1.15308e-07	8.64848e-08	
7.83659e-08	7.26957e-08	
6.63274e-08	3.04365e-08	
6.13476e-08	2.81875e-08	
9.22836e-08	3.04354e-08	
9.63088e-08	2.89516e-08	
6.53472e-08	1.31736e-08	
5.27193e-08	1.59905e-08	
4.82184e-08	2.96727e-08	
4.47928e-08	3.08116e-08	
3.41491e-08	9.37056e-09	
3.76654e-08	2.34287e-08	
3.45455e-08	1.87486e-08	
4.23184e-08	9.74862e-09	
2.94804e-08	1.36782e-08	
1.04341e-08	6.39181e-09	
2.91201e-08	1.56201e-08	
2.11664e-08	8.96389e-09	
1.80341e-08	8.37294e-09	
1.50866e-08	6.10639e-09	
2.09397e-08	9.68202e-09	
1.27344e-08	7.72051e-09	
1.55042e-08	5.95608e-09	
9.89387e-09	4.33044e-09	
9.9829e-09	7.0722e-09	
1.39687e-08	7.2972e-09	
7.59503e-09	9.45948e-09	
1.10518e-08	8.56276e-09	
1.08609e-08	6.5363e-09	
9.35257e-09	1.97019e-09	
6.76931e-09	3.05764e-09	
7.39401e-09	2.31179e-09	
3.13613e-09	3.70174e-09	
7.19366e-09	1.95016e-09	
4.89317e-09	1.77039e-09	
2.86365e-09	1.24095e-09	
6.403e-09	2.29557e-09	
4.17642e-09	2.0929e-09	
3.86127e-09	1.90381e-09	
2.06365e-09	1.1926e-09	
1.64604e-09	1.09504e-09	
2.51409e-09	1.75266e-09	
2.06982e-09	1.37129e-09	
3.1635e-09	1.71068e-09	
2.52958e-09	1.58513e-09	
2.35703e-09	1.73549e-10	
1.31914e-09	8.43618e-10	
4.64403e-10	1.38007e-09	
5.58361e-10	5.57904e-10	
1.56867e-09	7.79224e-10	
5.96241e-10	8.3722e-10	
1.33561e-09	7.8411e-10	
1.12715e-09	2.02227e-10	
6.57688e-10	7.4239e-10	
8.68616e-10	6.01996e-10	
5.59553e-10	3.23907e-10	
7.32765e-10	5.81052e-10	
3.42762e-10	2.01595e-10	
5.62446e-10	2.50179e-10	
6.89424e-10	2.36718e-10	
5.79353e-10	1.08438e-10	
3.91032e-10	9.71678e-11	
3.57943e-10	2.65119e-10	
2.47643e-10	8.08562e-11	
2.68063e-10	7.88529e-11	
2.42971e-10	6.88064e-11	
3.27101e-10	9.90395e-11	
1.21901e-10	1.20852e-10	
1.62567e-10	1.1092e-10	
1.27629e-10	2.61452e-11	
0	9.40432e-11	
2.38655e-10	6.5389e-11	
1.62966e-10	5.98293e-11	
1.09587e-10	1.64376e-10	
6.7445e-11	1.01835e-10	
1.39843e-10	9.34312e-11	
1.27903e-10	8.58135e-11	
7.75924e-11	2.68134e-11	
1.46363e-10	3.62367e-11	
7.7821e-11	1.09402e-11	
8.32103e-11	9.37776e-11	
8.56515e-11	2.82574e-11	
5.22796e-11	2.64545e-11	
4.01482e-11	3.12706e-11	
5.88613e-11	7.20927e-12	
8.18755e-11	5.49026e-11	
7.61253e-11	1.25421e-11	
2.87044e-11	2.90123e-11	
1.61132e-11	3.7559e-11	
3.45562e-11	1.98063e-11	
1.39471e-11	4.39723e-12	
2.94176e-11	8.48097e-12	
1.55937e-11	1.1767e-11	
4.2973e-11	2.13575e-11	
1.66004e-11	9.91268e-12	
9.31987e-12	5.90906e-12	
